11,187
14,96
11,186
2,138
11,185
14,95
2,137
11,184
11,183
14,94
2,136
11,182
11,181
14,93
2,135
11,180
11,179
14,92
11,178
2,134
11,177
14,91
11,176
12,13
2,133
11,175
11,174
14,90
2,132
11,173
14,89
14,88
11,172
2,131
11,171
14,87
11,170
11,169
2,130
11,168
11,167
11,166
14,86
11,165
2,129
11,164
14,85
14,84
11,163
2,128
11,162
11,161
14,83
11,160
11,159
12,12
14,82
11,158
11,157
14,81
11,156
11,155
11,154
14,80
11,153
11,152
11,151
11,150
14,79
11,149
11,148
11,147
14,78
14,77
11,146
11,145
11,144
14,76
11,143
11,142
11,141
11,140
14,75
14,74
11,139
12,11
11,138
14,73
11,137
11,136
14,72
11,135
11,134
11,133
14,71
11,132
11,131
14,70
11,130
11,129
11,128
14,69
14,68
11,127
11,126
11,125
14,67
11,124
11,123
14,66
11,122
11,121
12,10
14,65
11,120
11,119
11,118
11,117
11,116
14,64
11,115
11,114
11,113
11,112
11,111
11,110
14,35
11,109
11,108
11,107
11,106
11,105
11,104
11,103
11,102
11,101
11,100
11,99
12,9
11,98
11,97
11,96
11,95
11,94
11,93
11,92
11,91
11,90
11,89
11,88
11,87
11,86
11,85
11,84
11,83
11,82
14,34
12,8
11,81
11,80
14,33
11,79
11,78
11,77
11,76
14,32
14,31
11,75
11,74
11,73
14,30
14,29
14,28
11,72
11,71
11,70
14,27
11,69
11,68
11,67
14,26
11,66
14,25
11,65
12,7
11,64
14,24
11,38
14,23
11,37
11,34
14,22
14,21
11,33
14,20
11,32
14,19
11,31
12,6
14,18
11,30
11,29
14,17
14,16
14,15
14,14
12,5
14,13
14,12
14,11
14,10
11,13
14,9
14,8
11,12
11,11
11,10
3,45
14,7
14,6
14,5
14,4
14,3
14,2
14,1
14,0
12,3
12,2
12,1
12,0
11,9
11,8
11,7
11,6
11,5
11,4
11,3
11,2
11,1
11,0
7,3
5,3
4,3
3,2
3,0
2,2
2,0
1,2
1,0
0,9
1,45
3,44
2,44
1,44
3,43
2,43
1,43
3,42
2,42
1,42
3,41
2,41
1,41
3,40
2,40
1,40
3,39
2,39
1,39
3,38
2,38
1,38
3,37
2,37
1,37
3,36
2,36
1,36
3,35
2,35
1,35
3,34
2,34
1,34
3,33
2,33
1,33
3,32
2,32
1,32
3,31
2,31
1,31
3,30
2,30
1,30
3,29
2,29
1,29
3,28
2,28
1,28
3,27
2,27
1,27
3,26
2,26
1,26
3,25
2,25
1,25
3,24
2,24
1,24
3,23
2,23
1,23
3,22
2,22
1,22
3,21
2,21
1,21
3,20
2,20
1,20
3,19
2,19
1,19
3,18
2,18
1,18
3,17
2,17
1,17
3,16
2,16
1,16
3,15
2,15
1,15
3,14
2,14
1,14
3,13
2,13
1,13
3,12
2,12
1,12
3,11
2,11
1,11
3,10
2,10
1,10
3,9
2,9
1,9
3,8
2,8
1,8
3,7
2,7
1,7
3,6
2,6
1,6
3,5
2,5
1,5
3,4
2,4
1,4
3,3
2,3
1,3
0,6
0,5
0,47
0,46
0,49
0,48
0,45
0,12
0,10
0,8
0,11
0,7
0,4
0,3
